Password=156435111
Register=1
Skin=165
SkinStatus=1
Level=5
Muted=0
Kills=44700
Death=47
Spawned=0
Hours=0
Mins=0
Secs=0
Warnings=0
Spec=0
FailLogin=0
Kicked=0
Banned=0
RPK=0
pmstatus=1
Money=7500
Jail=0
Score=100029
savepos=0
PosX=-87.563903
PosY=1222.522583
PosZ=19.742187
ArmyLevel=0.000000
Interior=0
Hungry=7200
sex=1
age=20
team=1
